17 0.164844 0.808594 0.270313 0.204687
17 0.411719 0.513281 0.454688 0.292187
17 0.637500 0.396094 0.193750 0.129688
17 0.372656 0.178906 0.167187 0.117188
17 0.570312 0.201563 0.156250 0.100000
17 0.850781 0.545312 0.207813 0.121875
17 0.773438 0.778906 0.215625 0.201563
17 0.239844 0.107813 0.095312 0.056250
17 0.769531 0.160938 0.104688 0.034375
17 0.710938 0.189844 0.071875 0.039062
17 0.435156 0.096875 0.132812 0.059375
17 0.578125 0.134375 0.125000 0.040625
17 0.295312 0.067969 0.081250 0.035937
17 0.314063 0.029687 0.090625 0.046875
17 0.525000 0.072656 0.175000 0.048438
17 0.666406 0.091406 0.089063 0.035937
