1 0.40234375 0.5578125 0.2921875 0.10625000000000001
1 0.30078125 0.453125 0.1421875 0.1
1 0.13828125 0.50390625 0.09843750000000001 0.0390625
1 0.209375 0.64765625 0.259375 0.16718750000000002
1 0.42500000000000004 0.78515625 0.484375 0.1171875
1 0.8015625000000001 0.7156250000000001 0.39375000000000004 0.24375000000000002
1 0.8460937500000001 0.94296875 0.09843750000000001 0.1078125
1 0.92734375 0.49375 0.11093750000000001 0.034375
1 0.82421875 0.56640625 0.1765625 0.11406250000000001
1 0.7390625000000001 0.4859375 0.21875 0.05
