1 0.28125 0.6429687500000001 0.41250000000000003 0.2671875
1 0.253125 0.41718750000000004 0.078125 0.040625
1 0.134375 0.8984375 0.12812500000000002 0.19687500000000002
1 0.640625 0.7156250000000001 0.140625 0.14375000000000002
1 0.69296875 0.8718750000000001 0.0859375 0.1375
1 0.8109375000000001 0.8250000000000001 0.12187500000000001 0.14375000000000002
1 0.828125 0.66328125 0.1625 0.1203125
1 0.878125 0.5546875 0.234375 0.14375000000000002
1 0.7117187500000001 0.45703125 0.0859375 0.07968750000000001
1 0.7703125000000001 0.39921875 0.13125 0.0703125
1 0.60078125 0.540625 0.1453125 0.146875
1 0.47968750000000004 0.42265625 0.07187500000000001 0.0703125
1 0.9484375 0.7937500000000001 0.1 0.134375
1 0.49375 0.73203125 0.065625 0.11093750000000001
