1 0.057031250000000006 0.45546875000000003 0.11093750000000001 0.0703125
1 0.36640625000000004 0.4390625 0.051562500000000004 0.043750000000000004
1 0.5750000000000001 0.24765625000000002 0.084375 0.060937500000000006
1 0.6687500000000001 0.31015625 0.09062500000000001 0.0328125
1 0.6273437500000001 0.36796875 0.051562500000000004 0.029687500000000002
1 0.52890625 0.30390625000000004 0.051562500000000004 0.0328125
1 0.49609375 0.5710937500000001 0.0859375 0.0671875
1 0.40625 0.6585937500000001 0.15937500000000002 0.11093750000000001
1 0.62265625 0.5296875 0.045312500000000006 0.034375
1 0.6781250000000001 0.6625000000000001 0.2 0.09062500000000001
1 0.70078125 0.8500000000000001 0.1765625 0.1875
1 0.75 0.540625 0.12187500000000001 0.1
