1 0.5609375 0.184375 0.23750000000000002 0.140625
1 0.22812500000000002 0.05234375 0.18125000000000002 0.0765625
1 0.23359375000000002 0.18281250000000002 0.2390625 0.14375000000000002
1 0.43125 0.3484375 0.17500000000000002 0.1375
1 0.65234375 0.4734375 0.2015625 0.134375
1 0.81015625 0.815625 0.3046875 0.284375
1 0.34921875 0.6531250000000001 0.3828125 0.30000000000000004
1 0.7585937500000001 0.13828125 0.1484375 0.08281250000000001
1 0.91015625 0.23046875 0.1765625 0.11406250000000001
1 0.6804687500000001 0.029687500000000002 0.1640625 0.059375000000000004
