17 0.267188 0.755469 0.106250 0.060937
17 0.277344 0.664062 0.114062 0.050000
17 0.467969 0.700000 0.123438 0.081250
17 0.400781 0.834375 0.260937 0.075000
17 0.584375 0.780469 0.203125 0.060937
17 0.411719 0.539062 0.082812 0.034375
17 0.526563 0.476562 0.121875 0.050000
17 0.345313 0.427344 0.087500 0.048438
17 0.467969 0.421875 0.092188 0.012500
17 0.619531 0.593750 0.098437 0.056250
17 0.139063 0.646094 0.037500 0.032813
17 0.138281 0.925000 0.232813 0.143750
17 0.520312 0.930469 0.237500 0.139063
17 0.742969 0.507812 0.095312 0.065625
17 0.507031 0.389062 0.035937 0.021875
17 0.729688 0.837500 0.146875 0.100000
