1 0.33203125 0.6125 0.26406250000000003 0.19687500000000002
1 0.675 0.8523437500000001 0.4375 0.2765625
1 0.19921875 0.93671875 0.3296875 0.1203125
1 0.08203125 0.7453125 0.15781250000000002 0.1375
1 0.659375 0.45546875000000003 0.390625 0.1640625
1 0.3140625 0.38359375 0.153125 0.0671875
1 0.1234375 0.4375 0.140625 0.1
1 0.028125 0.51328125 0.05 0.060937500000000006
1 0.37343750000000003 0.184375 0.153125 0.053125000000000006
1 0.51875 0.27890625 0.19062500000000002 0.06406250000000001
1 0.59921875 0.21875 0.08281250000000001 0.037500000000000006
1 0.784375 0.22890625 0.19375 0.0703125
1 0.30781250000000004 0.125 0.1 0.037500000000000006
1 0.4140625 0.1078125 0.134375 0.040625
1 0.6609375000000001 0.15703125 0.246875 0.0671875
1 0.25078125 0.06796875000000001 0.1796875 0.0703125
1 0.43281250000000004 0.34375 0.1375 0.053125000000000006
1 0.3125 0.2828125 0.0625 0.037500000000000006
1 0.95859375 0.7093750000000001 0.08281250000000001 0.10625000000000001
