1 0.359375 0.8125 0.259375 0.203125
1 0.34765625 0.4921875 0.2078125 0.09062500000000001
1 0.246875 0.38906250000000003 0.18125000000000002 0.05
1 0.23359375000000002 0.31328125 0.1234375 0.0390625
1 0.31093750000000003 0.28359375000000003 0.10625000000000001 0.0328125
1 0.35703125 0.25703125 0.09531250000000001 0.026562500000000003
1 0.290625 0.21640625000000002 0.065625 0.026562500000000003
1 0.5625 0.4109375 0.12187500000000001 0.046875
1 0.5578125 0.36640625000000004 0.08750000000000001 0.0390625
1 0.46328125000000003 0.31484375000000003 0.0734375 0.029687500000000002
1 0.6140625000000001 0.32734375000000004 0.09062500000000001 0.0328125
1 0.665625 0.36796875 0.0625 0.029687500000000002
1 0.92578125 0.753125 0.1234375 0.1
