1 0.5109375 0.28984375 0.084375 0.07968750000000001
1 0.5875 0.21406250000000002 0.05 0.053125000000000006
1 0.57734375 0.42031250000000003 0.0734375 0.1
1 0.47187500000000004 0.5609375 0.1 0.053125000000000006
1 0.49531250000000004 0.51484375 0.07187500000000001 0.029687500000000002
1 0.7375 0.62109375 0.05625 0.11406250000000001
1 0.775 0.7828125 0.08750000000000001 0.15000000000000002
1 0.6984375 0.41796875 0.043750000000000004 0.0703125
1 0.6648437500000001 0.28671875 0.0578125 0.07968750000000001
1 0.4734375 0.37890625 0.040625 0.029687500000000002
1 0.46406250000000004 0.41328125000000004 0.040625 0.0203125
1 0.48984375 0.34609375000000003 0.029687500000000002 0.0234375
1 0.5242187500000001 0.16484375 0.035937500000000004 0.0234375
