1 0.4375 0.8093750000000001 0.22187500000000002 0.184375
1 0.4390625 0.5 0.18125000000000002 0.09375
1 0.36015625 0.40234375 0.1453125 0.06406250000000001
1 0.34921875 0.33046875000000003 0.1015625 0.0390625
1 0.46015625000000004 0.37265625 0.1265625 0.0578125
1 0.6039062500000001 0.42500000000000004 0.09843750000000001 0.043750000000000004
1 0.6062500000000001 0.38593750000000004 0.08125 0.037500000000000006
1 0.53359375 0.33203125 0.051562500000000004 0.0234375
1 0.4140625 0.30078125 0.07500000000000001 0.026562500000000003
1 0.44765625000000003 0.27734375 0.07968750000000001 0.026562500000000003
1 0.89375 0.7546875000000001 0.1 0.09062500000000001
1 0.39453125 0.23828125 0.0546875 0.0234375
1 0.6492187500000001 0.34687500000000004 0.07968750000000001 0.034375
