1 0.640625 0.8125 0.259375 0.203125
1 0.65390625 0.4921875 0.2078125 0.09062500000000001
1 0.7546875000000001 0.38906250000000003 0.18125000000000002 0.05
1 0.7664062500000001 0.31328125 0.1234375 0.0390625
1 0.690625 0.28359375000000003 0.10625000000000001 0.0328125
1 0.64453125 0.25703125 0.09531250000000001 0.026562500000000003
1 0.7109375 0.21640625000000002 0.065625 0.026562500000000003
1 0.43828125 0.4109375 0.1234375 0.046875
1 0.44375000000000003 0.36640625000000004 0.08750000000000001 0.0390625
1 0.53671875 0.31484375000000003 0.0734375 0.029687500000000002
1 0.3875 0.32734375000000004 0.09062500000000001 0.0328125
1 0.33437500000000003 0.36796875 0.0625 0.029687500000000002
1 0.07578125000000001 0.753125 0.1234375 0.1
