17 0.570312 0.518750 0.265625 0.181250
17 0.373437 0.391406 0.128125 0.104688
17 0.432812 0.205469 0.134375 0.057813
17 0.614062 0.175781 0.137500 0.079687
17 0.373437 0.275000 0.196875 0.068750
17 0.186719 0.514062 0.254688 0.143750
17 0.247656 0.770312 0.170313 0.175000
17 0.820312 0.802344 0.321875 0.223438
17 0.271875 0.153125 0.075000 0.040625
17 0.715625 0.116406 0.087500 0.042188
17 0.552344 0.097656 0.104688 0.035937
17 0.435156 0.132812 0.120313 0.034375
17 0.368750 0.094531 0.106250 0.051562
17 0.458594 0.072656 0.060937 0.039062
17 0.248438 0.080469 0.068750 0.026562
17 0.180469 0.150000 0.089063 0.053125
17 0.609375 0.047656 0.068750 0.042188
17 0.675781 0.067187 0.051562 0.031250
17 0.865625 0.042969 0.062500 0.039062
