1 0.86328125 0.74765625 0.2109375 0.0484375
1 0.36015625 0.84140625 0.2265625 0.060937500000000006
1 0.5625 0.8859375 0.15937500000000002 0.053125000000000006
1 0.19765625 0.95703125 0.3953125 0.08281250000000001
1 0.096875 0.8812500000000001 0.19375 0.09062500000000001
1 0.34140625 0.74765625 0.48281250000000003 0.0671875
1 0.55859375 0.7976562500000001 0.20468750000000002 0.0421875
1 0.9382812500000001 0.6234375000000001 0.1171875 0.043750000000000004
1 0.7195312500000001 0.6039062500000001 0.1296875 0.035937500000000004
1 0.16640625 0.65234375 0.2109375 0.035937500000000004
1 0.4140625 0.67109375 0.17500000000000002 0.0421875
1 0.5234375 0.7000000000000001 0.171875 0.034375
1 0.1625 0.59609375 0.16875 0.026562500000000003
1 0.5007812500000001 0.6171875 0.1390625 0.034375
